eaea1a27a73f1a2820f4330cd762bfa9
76561198039516279
76561197963663174
76561199158354706
76561198119381991
76561198134707486
76561198263356072
76561198342798818
76561198086387595
76561198309930870
76561197966681368
76561198303838222
76561199817585975
76561198133992326
76561198014903343
76561198053610024
76561199632342562
76561198254376667
76561199229865529
76561198293562384
76561199230725383
76561198201164247
76561197973410056
76561198147124461
76561198044700659
76561198079121455
76561198387545168
76561197993397000
76561198085783356
76561198298272454
76561197970458449
76561198220435913
76561198358857849
76561199770268464
76561198865459781
76561198086471307
76561198307134640
76561198010924250
76561198013250291
76561198156825389
76561198016762340
76561199014310362
76561199028557625
76561198069318046
76561198087611223
76561199385388597
76561197999424136
76561198053610024
76561198840974919
76561198065422272
76561198148461612
76561198449899919
76561198266344474
76561198980314983
76561198413548474
76561199881646973
76561198020928273
76561198273749442
76561199683690336
76561198354299776
76561197986877350
76561198080873253
76561198257735348
76561198018512527
76561198429733746
76561198104319094
76561198012391516
76561198027432591
76561198134707486
76561198086387595
76561198254376667
76561198293562384
76561198201164247
76561197973410056
76561199076413751
76561198298272454
76561198220435913
76561198168609186
76561198091194951
76561199070862444
76561198013679608
76561198156825389
76561198196334141
76561198941725026
76561199241556440
76561198148461612
76561197993458202
76561198015618183
76561198142587795
76561198262597909
76561198110676814
76561198046028628
76561199386016405
76561198393103274
76561198037803769
76561198037803769
76561197968593373
76561198332172215
76561197998449603
76561199782966580
76561198406799823
76561199650597524
76561198036450575
76561198947836657
76561198407946490
76561198887890391
76561197960623540
76561198803908911
76561198035698163
76561198832591333
76561197998923506
76561199158354706
76561198162160870
76561198404780870
76561198094414325
76561197998449603
76561199020028560
76561199019219518
76561199124129526
76561197963624169
76561199244885385
76561197989002073
76561198082028835
76561198055409364
76561198214952859
76561198393103274
76561198008115331
76561199128074942
76561197970516700
76561198160942934